$ 1 0.000005 10.20027730826997 50 5 43 5e-11
t 288 208 320 208 0 1 -0.06389806577549377 0.48115648099657277 100 default
t 416 208 384 208 0 1 -12.389411788103061 0.5450475425772378 100 default
r 352 256 352 320 0 1000
w 320 224 352 224 0
w 352 224 384 224 0
r 320 144 320 64 0 1000000
R 320 64 320 32 0 0 40 12 0 0 0.5
a 272 368 352 368 8 12 -12 1000000 0.000007004194828786742 0 100000
g 272 384 224 384 0 0
w 272 320 272 352 0
w 352 368 352 320 0
c 272 320 352 320 0 1e-9 0.700426487073503 0.001
w 320 144 320 192 0
w 320 144 272 144 0
w 272 144 272 320 0
R 48 192 16 192 0 4 10 2 2 0 0.5
w 352 256 352 224 0
a 144 208 240 208 8 15 -15 1000000 6.389106158066499e-7 0 100000
w 240 208 288 208 0
174 176 144 240 112 1 2000 0.401 Resistance
w 208 112 240 112 0
w 240 112 240 144 0
w 240 144 240 208 0
g 144 224 144 272 0 0
r 112 192 48 192 0 100000
r 176 144 112 144 0 1000
w 112 144 112 192 0
w 112 192 144 192 0
183 512 160 512 80 0 0.5 3 9 12 0
c 512 160 512 224 0 1e-8 12.531250123486528 0.001
g 512 224 512 240 0 0
d 448 80 448 160 2 default
O 512 160 560 160 0 0
g 416 208 416 256 0 0
w 384 192 384 160 0
r 512 80 448 80 0 100
w 448 160 512 160 0
r 448 160 384 160 0 1000
o 15 64 0 4099 5 0.00009765625 0 2 15 3
o 32 8 0 4106 20 0.1 1 1
