$ 1 0.000005 3.3115451958692312 50 5 43
a 80 128 160 128 8 12 -12 1000000 -0.31087493436629354 -5.347336248922831 100000
a 80 224 160 224 8 12 -12 1000000 -1.0171286917957165 -1.0171435275322163 100000
174 240 128 272 208 1 1000 0.5 Resistance
w 192 128 192 64 0
w 192 64 80 64 0
w 80 64 80 112 0
w 192 224 192 176 0
w 192 176 80 176 0
w 80 176 80 208 0
w 192 224 240 224 0
w 240 128 192 128 0
w 80 240 80 272 0
r 128 272 208 272 0 100000
r 32 240 -64 240 0 100000
r 208 320 128 320 0 100000
w 80 144 48 144 0
w 48 144 48 272 0
w 32 240 80 240 0
r 32 144 -64 144 0 100000
w 32 144 48 144 0
R -64 144 -128 144 0 0 40 1 0 0 0.5
R -64 240 -128 240 0 0 40 -1 0 0 0.5
d 160 128 192 128 2 default
d 192 224 160 224 2 default
d 240 320 288 320 2 default
d 288 272 240 272 2 default
w 48 320 128 320 0
c 336 176 384 176 0 1.0000000000000001e-7 5.199694940897965
w 336 128 336 176 0
w 448 176 448 112 0
g 368 96 368 32 0
a 368 112 448 112 9 12 -12 1000000 0.00003786806687410031 0 100000
O 560 224 608 224 0 0
a 448 320 352 320 9 12 -12 1000000 3.655612398156003e-14 -7.5204182066875935 100000
r 352 272 448 272 0 120000
r 448 176 448 272 0 100000
w 448 272 448 304 0
c 448 336 448 384 0 1.0000000000000001e-7 -11.999999999999963
R 448 384 448 416 0 0 40 12 0 0 0.5
r 448 336 512 336 0 1000
g 512 336 560 336 0
w 352 272 352 320 0
w 128 272 80 272 0
w 48 272 48 320 0
w 208 272 240 272 0
w 208 320 240 320 0
w 288 272 352 272 0
w 352 320 288 320 0
174 528 176 560 256 1 50000 0.46040000000000003 Mix
w 448 176 528 176 0
w 528 272 528 448 0
w 528 448 352 448 0
w 352 448 352 320 0
w 336 128 368 128 0
r 272 176 336 176 0 220
r 384 176 448 176 0 1000
o 32 2 0 4106 20 0.1 0 1
