$ 1 0.000005 10.20027730826997 50 5 43
a 16 176 112 176 8 12 -12 1000000 1.1361961239802634e-7 0 100000
r 16 160 -64 160 0 100000
w 16 128 16 160 0
w 144 176 144 128 0
g 16 192 16 224 0 0
r 16 128 16 64 0 100000
174 -32 32 64 64 1 50000 0.5198 Input Offset
R -32 32 -80 32 0 0 40 12 0 0 0.5
R 64 32 112 32 0 0 40 -12 0 0 0.5
R -64 160 -112 160 0 4 40 5 5 0 0.5
O -64 160 -64 208 0 0
w 112 176 144 176 0
r 144 240 144 304 0 4700
174 144 176 176 224 1 5000 0.3713 Output Adjust
g 144 304 144 336 0 0
t 240 144 272 144 0 1 -0.009372717040470763 0.48113273871743184 100
t 336 144 304 144 0 1 0.01722335368522972 0.4905000199228378 100
w 272 160 288 160 0
w 288 160 304 160 0
r 288 160 288 224 0 1800
c 288 224 208 224 0 2.2000000000000003e-9 -0.5435889423145307 0.001
a 208 272 288 272 8 12 -12 1000000 0.000005435835064794658 0 100000
w 208 224 208 256 0
w 288 272 288 224 0
g 208 288 208 336 0 0
w 272 128 272 112 0
w 272 112 208 112 0
w 208 112 208 224 0
r 208 112 208 48 0 1000000
R 208 48 208 0 0 0 40 12 0 0 0.5
w 176 208 176 144 0
w 176 144 240 144 0
g 336 144 336 176 0 0
a 384 128 464 128 8 12 -12 1000000 -0.000008791389050768077 0 100000
w 304 112 304 128 0
r 384 80 432 80 0 33000
w 496 80 496 128 0
174 432 80 480 48 1 50000 0.6386000000000001 Output Amp
w 432 80 432 48 0
w 432 48 464 48 0
w 464 128 496 128 0
O 496 128 496 176 0 0
r 304 112 384 112 0 1000
w 384 80 384 112 0
174 80 128 128 96 1 1000 0.44060000000000005 Reduction
w 112 96 144 96 0
w 144 96 144 128 0
r 16 128 80 128 0 560
g 384 144 384 176 0 0
o 10 64 0 4098 10 0.1 0 1
o 41 64 0 4098 20 0.1 1 1
