$ 1 0.000005 10.20027730826997 50 5 43 5e-11
402 160 160 288 160 1 0\s0\s40\s-12\s0\s0\s0.5 0\s0\s40\s12\s0\s0\s0.5 0\s1\s-10.500905894302772\s0.5883504753744173\s100\sdefault 0\s1\s-0.5883504753744173\s0.5880956461088598\s100\sdefault 0\s1\s0\s0.5880956461088598\s100\sdefault 0\s1\s-10.602213504438332\s0.5735664826060396\s100\sdefault 0\s1\s-10.624171527409427\s0.5662471414155403\s100\sdefault 0\s-1\s0.5735614127347848\s-0.5733065844347944\s100\sdefault 0\s-1\s0\s-0.5733065844347944\s100\sdefault 0\s-1\s21.70627414358632\s-0.5735614127347848\s100\sdefault 0\s-1\s0.5662420719300449\s-0.5659872434589399\s100\sdefault 0\s-1\s0\s-0.5659872434589399\s100\sdefault 0\s-1\s14.023496549490282\s-0.5662420719300449\s100\sdefault 0\s1\s0\s0.5733015150521563\s100\sdefault 0\s1\s-0.5735563441919425\s0.5733015150521563\s100\sdefault 0\s1\s-7.697416275876634\s0.5735563441919425\s100\sdefault 0\s1\s0\s0.5695581635119822\s100\sdefault 0\s1\s0\s0.5768775047024814\s100\sdefault
R 128 256 64 256 0 1 40 5 0 0 0.5
a 448 128 352 128 8 15 -15 1000000 11.879881201187988 11.879999999999999 100000
w 352 128 352 80 0
w 352 80 448 80 0
w 448 80 448 112 0
r 352 128 272 128 0 30000
174 496 96 448 176 1 50000 0.005 Resistance
R 496 96 496 48 0 0 40 12 0 0 0.5
R 496 192 496 240 0 0 40 -12 0 0 0.5
174 128 128 96 192 1 1000 0.5 Resistance
g 96 160 64 160 0 0
w 128 128 160 128 0
w 128 192 160 192 0
w 160 160 144 160 0
w 144 160 144 112 0
r 144 112 144 64 0 13000
R 144 64 144 16 0 0 40 12 0 0 0.5
r 128 192 128 256 0 30000
r 288 160 288 256 0 30000
g 288 256 288 304 0 0
O 288 160 336 160 0 0
o 19 64 0 4099 5 0.0001953125 0 2 19 3
o 21 64 0 4098 5 0.1 1 1
