$ 3 0.000015625 4.621633621589249 40 5 50
a 48 184 104 184 11 12 -12 1000000 0.000009624339480764664 0 100000
a 112 328 56 328 11 12 -12 1000000 0 -5.979781228990788 100000
c 56 240 96 240 0 5.0000000000000004e-8 0.9624435724159472
w 48 192 32 192 0
w 32 192 32 240 0
w 32 240 56 240 0
w 96 240 128 240 0
w 128 240 128 184 0
w 128 184 104 184 0
g 112 336 144 336 0
r 128 256 128 280 0 100000
r 80 288 48 288 0 120000
w 128 240 128 256 0
w 128 320 112 320 0
w 80 288 128 288 0
w 48 288 8 288 0
w 8 288 8 328 0
w 8 328 56 328 0
r -200 312 -232 312 0 100000
r -200 352 -232 352 0 100000
r -280 312 -312 312 0 100000
r -280 352 -312 352 0 100000
a -128 64 -88 64 10 12 -12 1000000 -4.80007323189176 -4.800119593224581 100000
w -280 352 -264 352 0
w -200 312 -160 312 0
w -200 352 -160 352 0
w -160 352 -160 328 0
w -160 328 8 328 0
w -160 312 -160 328 0
w -328 312 -312 312 0
w -328 352 -312 352 0
O 128 184 184 184 0 1
O 8 328 8 360 0 0
R -328 312 -352 312 0 0 40 12 0 0 0.5
R -328 352 -352 352 0 0 40 -12 0 0 0.5
O 128 288 176 288 0 0
r -120 24 -88 24 0 82000
w -120 24 -144 24 0
w -144 24 -144 56 0
w -144 56 -128 56 0
w -88 24 -64 24 0
w -64 24 -64 64 0
w -64 64 -88 64 0
r -160 56 -192 56 0 100000
w -160 56 -144 56 0
r -192 72 -160 72 0 100000
r -144 80 -144 104 0 100000
g -144 104 -144 112 0
w -144 80 -144 72 0
g -144 232 -144 240 0
r -144 208 -144 232 0 100000
r -192 200 -160 200 0 100000
w -160 184 -144 184 0
r -160 184 -192 184 0 100000
w -64 192 -88 192 0
w -64 152 -64 192 0
w -88 152 -64 152 0
w -144 184 -128 184 0
w -144 152 -144 184 0
w -120 152 -144 152 0
r -120 152 -88 152 0 82000
a -128 192 -88 192 10 12 -12 1000000 -0.00007859179420826815 -0.00011959322457892274 100000
R -312 184 -360 184 0 0 40 5 0 0 0.5
w -312 56 -288 56 0
w -192 184 -312 184 0
w -264 72 -192 72 0
w -280 312 -248 312 0
w -232 352 -264 352 0
w -288 56 -192 56 0
w -160 72 -144 72 0
w -144 72 -128 72 0
w -144 208 -144 200 0
w -160 200 -144 200 0
w -144 200 -128 200 0
d -32 240 -64 240 2 default
d -24 160 -24 200 2 default
r 16 240 -16 240 0 220
w 16 240 32 240 0
g 48 176 24 176 0
w 128 288 128 280 0
w 128 288 128 320 0
r -64 200 -64 224 0 220
w -64 192 -64 200 0
w -64 224 -64 240 0
r -64 80 -64 104 0 220
w -64 80 -64 64 0
w -24 200 -24 240 0
w -16 240 -24 240 0
w -32 240 -24 240 0
w -24 160 -24 128 0
w -24 128 -64 128 0
w -64 128 -64 104 0
w -248 312 -248 200 0
w -248 200 -192 200 0
w -264 352 -264 72 0
w -248 312 -232 312 0
R -312 56 -360 56 0 0 40 -5 0 0 0.5
o 31 16 0 4106 20 0.1 0 1
o 32 1 0 4106 20 0.1 1 1
o 35 1 0 4098 20 0.1 2 1
