$ 1 0.000005 10.20027730826997 50 5 43
a 192 192 288 192 8 15 -15 1000000 0.00012399484324443795 0.0001239960831928704 100000
w 192 176 192 128 0
w 192 128 288 128 0
w 288 176 288 192 0
r 144 96 144 176 0 47000
r 144 240 144 336 0 47000
v 48 336 48 96 0 0 40 24 0 0 0.5
w 96 336 144 336 0
w 96 96 144 96 0
w 48 96 96 96 0
w 48 336 96 336 0
a 352 272 448 272 8 15 -15 1000000 0.00012399484324443795 0 100000
r 448 272 496 272 0 1000
f 512 160 560 160 32 1.5 0.02
f 496 272 560 272 32 1.5 0.02
w 144 96 560 96 0
w 560 288 560 336 0
w 144 336 560 336 0
w 336 224 368 224 0
r 368 224 480 224 0 10000
w 480 224 560 224 0
w 560 224 560 256 0
w 288 256 352 256 0
r 288 256 288 192 0 10000
w 336 224 336 288 0
w 336 288 352 288 0
a 352 160 448 160 8 15 -15 1000000 0 0.00012399484324443795 100000
w 288 176 288 128 0
w 560 176 560 224 0
w 560 144 560 96 0
w 336 144 336 224 0
r 448 160 512 160 0 1000
g 560 224 608 224 0
r 560 96 672 96 0 1000
r 560 336 672 336 0 10
g 672 96 720 96 0
g 672 336 720 336 0
w 336 144 352 144 0
w 352 256 352 176 0
174 144 176 192 224 1 50000 0.5 Resistance
