$ 1 0.0000078125 1.5642631884188172 47 5 43
a 256 160 352 160 8 12 -12 1000000 0.000025206746282948252 0 100000
c 256 96 352 96 0 1e-8 2.5206998350411083 0.001
w 256 96 256 144 0
w 352 96 352 160 0
g 256 176 256 208 0 0
a 352 256 256 256 8 12 -12 1000000 -2.5206745262629227 10.910311896947565 100000
r 256 256 256 320 0 10000
w 352 272 352 320 0
r 352 240 352 160 0 10000
a 0 48 96 48 8 12 -12 1000000 11.152201745284724 1 100000
d 96 48 144 48 2 default
d 144 144 96 144 2 default
r -48 128 -112 128 0 100000
R -112 64 -160 64 0 0 40 1 0 0 0.5
r 144 192 0 192 0 200000
r 144 0 0 0 0 200000
w 0 0 0 32 0
d -32 256 -32 192 2 default
w -32 256 0 256 0
r -48 64 -112 64 0 100000
w -48 64 0 64 0
w 144 48 144 0 0
R -112 128 -160 128 0 0 40 -1 0 0 0.5
r 256 256 0 256 0 10000
174 208 144 240 64 1 5000 0.5594 Resistance
r 176 320 256 320 0 100000
w 240 96 256 96 0
O 416 160 480 160 0 0
r 208 144 144 144 0 1000
r 144 48 208 48 0 1000
a 0 144 96 144 9 15 -15 1000000 -0.9999858436969109 -1 100000
w 144 192 144 144 0
w 0 192 0 160 0
d 0 192 0 256 2 default
w -32 192 -32 32 0
w -32 32 0 32 0
w -48 128 0 128 0
g 176 320 144 320 0 0
w 256 320 352 320 0
s 352 32 400 32 0 1 true
w 352 160 416 160 0
r 400 32 400 208 0 4700
w 352 240 384 240 0
t 400 208 400 240 0 -1 14.401304427801438 -0.11937009846148428 100
R 416 240 480 240 0 0 40 12 0 0 0.5
g 352 32 320 32 0 0
o 27 8 0 4106 20 0.1 0 1
