$ 1 0.0000078125 3.9121283998153213 47 5 43
a 256 160 352 160 8 12 -12 1000000 -0.0000475750455884789 0 100000
c 256 96 352 96 0 1e-8 -4.757552133893478 0.001
w 256 96 256 144 0
w 352 96 352 160 0
g 256 176 256 208 0 0
a 352 256 256 256 8 12 -12 1000000 4.757504558874359 -10.91051526362023 100000
r 256 256 256 320 0 10000
w 352 272 352 320 0
r 352 240 352 160 0 10000
a 0 48 96 48 8 12 -12 1000000 0.9999857395594023 1 100000
d 96 48 144 48 2 default
d 144 144 96 144 2 default
r -48 128 -112 128 0 100000
R -112 64 -160 64 0 0 40 1 0 0 0.5
r 144 192 0 192 0 200000
r 144 0 0 0 0 200000
w 0 0 0 32 0
d -32 256 -32 192 2 default
w -32 256 0 256 0
r -48 64 -112 64 0 100000
w -48 64 0 64 0
w 144 48 144 0 0
R -112 128 -160 128 0 0 40 -1 0 0 0.5
r 256 256 0 256 0 10000
174 208 144 240 64 1 5000 0.5792 Resistance
r 176 320 256 320 0 100000
w 240 96 256 96 0
O 416 160 480 160 0 0
r 208 144 144 144 0 1000
r 144 48 208 48 0 1000
a 0 144 96 144 9 15 -15 1000000 -11.154346170574147 -1 100000
w 144 192 144 144 0
w 0 192 0 160 0
d 0 192 0 256 2 default
w -32 192 -32 32 0
w -32 32 0 32 0
w -48 128 0 128 0
g 176 320 144 320 0 0
w 256 320 352 320 0
s 240 0 288 0 0 1 true
w 256 32 256 96 0
w 352 160 416 160 0
w 256 32 384 32 0
g 416 32 448 32 0 0
r 288 0 352 0 0 4700
R 240 0 192 0 0 0 40 12 0 0 0.5
t 400 64 400 96 1 1 -4.739877778954838 0.017626779893051062 100
t 400 64 400 32 1 1 0.01767435493863954 0.017626779893051062 100
w 352 0 352 64 0
w 352 64 400 64 0
w 352 96 384 96 0
g 416 96 448 96 0 0
o 27 8 0 4106 20 0.1 0 1
