$ 1 0.000005 10.20027730826997 50 5 43
a 64 208 144 208 8 15 -15 1000000 -0.000001911143978685851 0 100000
a 256 224 336 224 8 15 -15 1000000 0.0000790177006236478 0 100000
r 64 192 0 192 0 100000
r 208 304 0 304 0 100000
d 144 144 64 144 2 default
d 208 144 144 144 2 default
w 144 144 144 208 0
w 64 144 64 192 0
r 208 112 64 112 0 100000
w 208 112 208 144 0
w 64 112 64 144 0
r 208 144 208 208 0 50000
g 64 224 64 256 0
w 208 208 208 304 0
w 0 192 0 304 0
w 208 208 256 208 0
g 256 240 256 288 0
r 256 160 336 160 0 200000
w 256 160 256 208 0
w 336 224 336 160 0
c 256 112 336 112 0 4.7e-11 7.9018490800654035
w 256 112 256 160 0
w 336 112 336 160 0
r 256 112 256 48 0 150000
174 208 16 288 48 1 47000 0.5 Resistance
g 208 16 160 16 0
R 304 16 352 16 0 0 40 15 0 0 0.5
R 0 192 -64 192 0 4 100 10 0 0 0.5
O 336 224 400 224 0 0
O 0 304 0 352 0 0
o 28 8 0 4098 20 0.1 0 1
o 29 8 0 4098 10 0.1 1 1
