$ 1 0.000005 10.20027730826997 50 5 43 5e-11
r 144 80 144 160 0 1000000
t 144 160 224 160 0 1 -0.617796474101922 0.4455653013395362 100 default
R 144 80 144 16 0 0 40 12 0 0 0.5
R 144 192 144 256 0 0 40 -12 0 0 0.5
t 96 176 144 176 0 -1 11.965702611667941 -0.47986268967159385 100 default
g 224 176 224 240 0 0
174 96 176 64 272 1 3000 0.5495000000000001 Resistance
g 96 272 96 304 0 0
r 32 176 -64 176 0 100000
R -64 176 -112 176 0 3 40 5 5 0 0.5
O 448 160 512 160 0 0
a 336 160 448 160 8 15 -15 1000000 -0.000004715413949152747 0 100000
g 336 176 336 208 0 0
r 336 96 448 96 0 100000
w 448 96 448 160 0
w 336 96 336 144 0
r 224 144 224 80 0 100000
w 224 80 144 80 0
r 224 144 336 144 0 10000
174 288 16 384 48 1 50000 0.5495000000000001 OffsetExpo
r 336 48 336 96 0 47000
R 384 16 432 16 0 0 40 -12 0 0 0.5
g 288 16 256 16 0 0
w 64 224 64 272 0
w 64 272 96 272 0
a 320 368 448 368 9 15 -15 1000000 -0.034347168902525024 -0.03429738833205765 100000
w 96 176 32 176 0
w 32 352 320 352 0
r 320 448 448 448 0 100000
w 448 448 448 368 0
w 320 384 320 448 0
r 320 448 320 512 0 3300
g 320 512 320 544 0 0
O 480 272 544 272 0 0
174 176 416 208 480 1 50000 0.7079000000000001 OffsetLin
r 208 448 320 448 0 47000
R 176 416 176 384 0 0 40 -12 0 0 0.5
g 176 480 176 512 0 0
174 448 240 480 304 1 50000 0.005 Output
w 448 240 448 160 0
w 448 304 448 368 0
w 32 176 32 352 0
O 448 368 512 368 0 0
r 32 48 -64 48 0 100000
w 32 48 32 176 0
174 -96 16 -64 80 1 100000 0.7079000000000001 InputOffset
R -96 16 -96 -16 0 0 40 12 0 0 0.5
R -96 80 -96 112 0 0 40 -12 0 0 0.5
o 10 8 0 12290 10.351853123111303 0.0001 0 1
o 42 8 0 12290 9.213665487004524 0.0001 1 1
o 33 8 0 12290 10.346162184930767 0.0001 2 1
