$ 1 0.000005 3.9121283998153213 50 5 43 5e-11
c 288 224 288 304 0 0.000009999999999999999 6.5420287657213025 0.001
w 288 224 352 224 0
t 384 272 352 272 0 -1 11.999999993922211 5.4579712282009085 100 default
r 384 272 432 272 0 500
w 432 272 432 224 0
w 352 224 352 256 0
w 352 288 352 304 0
w 352 304 288 304 0
g 288 304 288 320 0 0
i 160 304 160 224 0 0.05
w 160 304 288 304 0
d 160 224 224 224 2 default
r 224 224 288 224 0 1000
r 224 80 288 80 0 2000
d 160 80 224 80 2 default
g 288 160 288 176 0 0
w 352 160 288 160 0
w 352 144 352 160 0
w 352 80 352 112 0
w 432 128 432 80 0
r 384 128 432 128 0 1000
t 384 128 352 128 0 -1 11.999999987813418 8.558448301007923 100 default
w 288 80 352 80 0
c 288 80 288 160 0 0.000009999999999999999 3.4415516868054947 0.001
w 160 224 160 80 0
w 160 80 160 -64 0
c 288 -64 288 16 0 0.000009999999999999999 4.166755463127793 0.001
w 288 -64 352 -64 0
t 384 -16 352 -16 0 -1 3.420272371526163 -0.7464830916016303 100 default
r 384 -16 432 -16 0 1000
w 432 -16 432 -64 0
w 352 -64 352 -32 0
w 352 0 352 16 0
w 352 16 288 16 0
g 288 16 288 32 0 0
d 160 -64 224 -64 2 default
r 224 -64 288 -64 0 3000
w 160 -64 160 -208 0
183 352 -208 432 -208 0 0.5 3 8.5 12 0
c 288 -208 288 -128 0 0.000009999999999999999 4.380843516592997 0.001
w 288 -208 352 -208 0
t 384 -160 352 -160 0 -1 11.999999987822807 7.61915647122981 100 default
r 384 -160 432 -160 0 1000
w 432 -160 432 -208 0
w 352 -208 352 -176 0
w 352 -144 352 -128 0
w 352 -128 288 -128 0
g 288 -128 288 -112 0 0
d 160 -208 224 -208 2 default
r 224 -208 288 -208 0 4000
183 352 -64 432 -64 0 0.5 3 8.5 12 0
183 352 80 432 80 0 0.5 3 8.5 12 0
183 352 224 432 224 0 0.5 3 8.5 12 0
w 352 -208 352 -240 0
w 352 -240 432 -240 0
w 352 -64 352 -96 0
w 352 -96 432 -96 0
w 352 80 352 48 0
w 352 48 432 48 0
w 352 224 352 192 0
w 352 192 432 192 0
r 480 -240 544 -240 0 100000
r 480 -96 544 -96 0 100000
r 480 48 544 48 0 100000
r 480 192 544 192 0 100000
w 544 -240 544 -96 0
w 544 -96 544 48 0
w 544 192 544 48 0
a 576 176 672 176 8 15 -15 1000000 4.632748530611882 4.632794858097188 100000
w 576 112 672 112 0
w 672 112 672 176 0
w 576 112 576 160 0
c 672 176 736 176 0 0.00001 4.587432300062508 0.001
r 736 176 736 256 0 100000
g 736 256 736 288 0 0
O 736 176 784 176 0 0
w 544 192 576 192 0
c 432 -240 480 -240 0 0.00001 0.0034474134672253243 0.001
c 432 -96 480 -96 0 0.00001 0.004314617797740006 0.001
c 432 48 480 48 0 0.00001 0.002056762124035938 0.001
c 432 192 480 192 0 0.00001 -0.00981879353016435 0.001
o 1 8 0 12290 8.4998405536721 0.0001 0 2 1 3
o 22 8 0 12290 8.498382845822714 0.0001 1 2 22 3
o 27 8 0 12290 8.49973956848972 0.0001 2 2 27 3
o 40 8 0 12290 8.499686154206158 0.0001 3 2 40 3
o 75 8 0 12290 2.5900336024652133 0.0001 4 1
