$ 1 0.000005 10.20027730826997 50 5 43
r 256 80 256 128 0 15000
r 320 80 320 128 0 15000
174 256 64 304 64 1 1000 0.48020000000000007 Resistance
t 352 208 320 208 0 1 -6.05490653413216 0.5623446901769215 100
t 224 208 256 208 0 1 -7.1581101044420805 0.5361490597126063 100
a 464 160 544 160 8 12 -12 1000000 4.99269284638648 4.992642229898447 100000
w 416 144 256 144 0
w 256 128 256 144 0
w 416 176 320 176 0
w 320 192 320 176 0
w 320 176 320 128 0
w 256 192 256 144 0
w 256 224 256 256 0
w 320 256 320 224 0
g 352 208 368 208 0
r 288 256 288 304 0 15000
w 320 256 288 256 0
w 256 256 288 256 0
w 256 64 256 80 0
w 320 64 320 80 0
w 288 48 288 16 0
R 288 16 288 -16 0 0 40 12 0 0 0.5
r 288 336 288 368 0 15000
R 288 368 288 400 0 0 40 -12 0 0 0.5
w 288 336 288 320 0
t 160 304 192 304 0 1 -5.9066279144840275 0.3731485397298844 100
w 192 320 288 320 0
w 288 320 288 304 0
g 192 288 192 256 0
174 128 384 176 384 1 50000 0.9950000000000001 Resistance
R 192 384 224 384 0 0 40 -12 0 0 0.5
R 128 384 96 384 0 0 40 12 0 0 0.5
r 128 224 128 272 0 1000
w 224 208 128 208 0
w 128 208 128 224 0
g 128 272 128 288 0
r 128 208 64 208 0 100000
r 416 176 464 176 0 10000
r 416 144 464 144 0 10000
r 464 208 464 256 0 47000
g 464 256 464 272 0
w 464 208 464 176 0
r 480 96 528 96 0 47000
w 464 144 464 96 0
w 464 96 480 96 0
w 528 96 560 96 0
w 560 96 560 160 0
w 560 160 544 160 0
r 160 320 160 368 0 22000
w 160 304 160 320 0
r 80 304 16 304 0 22000
w 80 304 160 304 0
R 16 304 -16 304 0 0 40 0 0 0 0.5
O 560 160 608 160 0 0
R 64 208 -16 208 0 1 40 5 0 0 0.5
O 64 208 64 144 0 0
o 53 64 0 4098 20 0.1 0 1
o 55 64 0 4098 10 0.1 1 1
38 52 0 0 12 CV
