$ 3 0.000015625 0.32112705431535615 76 5 50
a 48 184 104 184 11 12 -12 1000000 5.034181832234288 0 100000
a 112 328 56 328 11 12 -12 1000000 -3.6454333915454635e-14 -12.000820071556006 100000
c 56 240 96 240 0 5.0000000000000004e-8 17.034685238417513
w 48 192 32 192 0
w 32 192 32 240 0
w 32 240 56 240 0
w 96 240 128 240 0
w 128 240 128 184 0
w 128 184 104 184 0
g 216 336 256 336 0
r 128 256 128 280 0 100000
r 80 288 48 288 0 120000
w 128 240 128 256 0
w 128 320 112 320 0
w 80 288 128 288 0
w 48 288 8 288 0
w 8 288 8 328 0
w 8 328 56 328 0
O 128 184 184 184 0 1
O 8 288 8 256 0 0
g 16 176 8 176 0
w 128 288 128 280 0
w 128 288 128 320 0
R -312 48 -360 48 0 0 40 -5 0 0 0.5
w -312 48 -240 48 0
w -224 88 -224 120 0
R 128 392 128 432 0 0 40 -12 0 0 0.5
r -192 216 -192 272 0 10000
f -232 200 -232 160 40 1.5 0.02
r -232 216 -232 272 0 10000
w -232 288 -192 288 0
w -248 160 -312 160 0
R -312 160 -360 160 0 0 40 5 0 0 0.5
f -224 88 -224 48 33 1.5 0.02
w -208 48 -144 48 0
r 216 336 160 336 0 10000
w 128 288 152 288 0
c 128 336 128 392 0 1e-8 11.999999999999963
w 112 336 128 336 0
w 128 336 160 336 0
w 16 176 48 176 0
c 8 328 8 384 0 1e-9 -12.001200070007156
g 8 384 8 400 0
w -232 200 -232 216 0
w -232 272 -232 288 0
w -192 216 -192 120 0
w -192 120 -224 120 0
w -192 272 -192 288 0
w -216 160 -144 160 0
w -192 288 8 288 0
174 -144 72 -120 128 1 1000 0.9950000000000001 Resistance
w -144 136 -144 160 0
w -144 48 -144 72 0
w -120 104 -56 104 0
w -56 104 -56 240 0
w -56 240 32 240 0
o 18 1 0 4106 20 0.1 0 1
o 19 1 0 4106 20 0.1 1 1
