$ 1 0.000005 10.20027730826997 45 5 43
f 336 144 384 144 32 1.5 0.02
f 336 272 384 272 32 1.5 0.02
r 528 256 528 352 0 10
r 336 144 272 144 0 1000
a 192 144 272 144 8 24 0 1000000 11.999895065354032 11.999880001199996 100000
w 384 160 384 208 0
g -80 352 -80 400 0 0
R -80 64 -80 32 0 0 40 24 0 0 0.5
w 384 64 384 128 0
r 384 208 160 208 0 10000
w 160 128 160 208 0
w 160 128 192 128 0
w 144 160 192 160 0
w 384 352 384 288 0
w 384 256 384 208 0
a 192 272 272 272 8 24 0 1000000 11.999880001199946 11.999895065354032 100000
r 336 272 272 272 0 1000
w 192 288 160 288 0
w 160 288 160 208 0
w 192 256 144 256 0
w 64 256 64 160 0
w 384 352 432 352 0
w 384 208 432 208 0
r 528 64 528 160 0 10
w 384 64 432 64 0
a -32 160 48 160 8 24 0 1000000 11.999880001199971 11.999999999999984 100000
w 48 160 64 160 0
r -80 64 -80 144 0 62000
174 -80 144 -48 192 1 10000 0.5 Center
w -48 176 -32 176 0
w 384 64 -80 64 0
r -80 208 -80 352 0 62000
w 384 352 -80 352 0
w 64 160 64 112 0
w 64 112 -32 112 0
w -32 112 -32 144 0
p 432 64 432 208 1 0 0
p 432 352 432 208 1 0 0
r 144 160 64 160 0 10000
r 144 256 64 256 0 10000
174 528 160 496 240 1 1000 0.5 Load
370 432 64 528 64 1 0 0
370 432 352 528 352 1 0 0
370 432 208 496 208 1 0 0
